date    time,pressure,depth M,Depth F,temp C,Temp F
2017-08-10 09:42:47,988.36,-0.008,-0.027,19.80,67.63
2017-08-10 09:42:50,988.36,-0.008,-0.027,19.80,67.63
2017-08-10 09:42:54,987.26,0.003,0.010,19.77,67.59
2017-08-10 09:42:57,986.15,0.014,0.047,19.79,67.61
2017-08-10 09:43:00,986.15,0.014,0.047,19.79,67.61
2017-08-10 09:43:03,986.15,0.014,0.047,19.80,67.63
2017-08-10 09:43:06,986.15,0.014,0.047,19.77,67.59
2017-08-10 09:43:09,986.13,0.014,0.048,19.79,67.61
2017-08-10 09:43:13,986.13,0.014,0.048,19.76,67.57
2017-08-10 09:43:16,987.24,0.003,0.010,19.77,67.59
2017-08-10 09:43:19,987.24,0.003,0.010,19.75,67.56
2017-08-10 09:43:22,986.13,0.014,0.048,19.76,67.57
2017-08-10 09:43:25,987.24,0.003,0.010,19.75,67.56
2017-08-10 09:43:28,987.24,0.003,0.010,19.77,67.59
2017-08-10 09:43:31,987.24,0.003,0.010,19.76,67.57
2017-08-10 09:43:35,988.35,-0.008,-0.027,19.76,67.57
2017-08-10 09:43:38,987.22,0.003,0.011,19.75,67.56
2017-08-10 09:43:41,987.22,0.003,0.011,19.75,67.56
2017-08-10 09:43:44,988.33,-0.008,-0.026,19.75,67.56
2017-08-10 09:43:47,988.33,-0.008,-0.026,19.73,67.52
2017-08-10 09:43:51,987.22,0.003,0.011,19.75,67.56
2017-08-10 09:43:54,987.22,0.003,0.011,19.73,67.52
2017-08-10 09:43:57,988.35,-0.008,-0.027,19.73,67.52
2017-08-10 09:44:00,988.35,-0.008,-0.027,19.73,67.52
2017-08-10 09:44:03,987.22,0.003,0.011,19.74,67.54
2017-08-10 09:44:06,989.44,-0.019,-0.063,19.74,67.54
2017-08-10 09:44:10,988.33,-0.008,-0.026,19.72,67.50
2017-08-10 09:44:13,988.33,-0.008,-0.026,19.73,67.52
2017-08-10 09:44:16,987.22,0.003,0.011,19.73,67.52
2017-08-10 09:44:19,988.33,-0.008,-0.026,19.73,67.52
2017-08-10 09:44:22,988.33,-0.008,-0.026,19.72,67.50
2017-08-10 09:44:26,987.22,0.003,0.011,19.73,67.52
2017-08-10 09:44:29,987.22,0.003,0.011,19.74,67.54
2017-08-10 09:44:32,988.33,-0.008,-0.026,19.71,67.48
2017-08-10 09:44:35,989.44,-0.019,-0.063,19.72,67.50
2017-08-10 09:44:38,988.33,-0.008,-0.026,19.72,67.50
2017-08-10 09:44:41,988.33,-0.008,-0.026,19.72,67.50
2017-08-10 09:44:45,987.22,0.003,0.011,19.71,67.48
2017-08-10 09:44:48,987.22,0.003,0.011,19.72,67.50
2017-08-10 09:44:51,987.22,0.003,0.011,19.71,67.48
2017-08-10 09:44:54,987.22,0.003,0.011,19.72,67.50
2017-08-10 09:44:57,988.33,-0.008,-0.026,19.72,67.50
2017-08-10 09:45:00,988.33,-0.008,-0.026,19.72,67.50
2017-08-10 09:45:04,988.31,-0.008,-0.026,19.72,67.50
2017-08-10 09:45:07,987.20,0.004,0.012,19.72,67.50
2017-08-10 09:45:10,988.33,-0.008,-0.026,19.72,67.50
2017-08-10 09:45:13,987.22,0.003,0.011,19.72,67.50
2017-08-10 09:45:16,987.22,0.003,0.011,19.72,67.50
2017-08-10 09:45:20,987.22,0.003,0.011,19.72,67.50
2017-08-10 09:45:23,987.22,0.003,0.011,19.72,67.50
2017-08-10 09:45:26,987.22,0.003,0.011,19.71,67.48
2017-08-10 09:45:29,988.31,-0.008,-0.026,19.72,67.50
2017-08-10 09:45:32,987.20,0.004,0.012,19.72,67.50
2017-08-10 09:45:36,988.33,-0.008,-0.026,19.72,67.50
2017-08-10 09:45:39,988.33,-0.008,-0.026,19.72,67.50
2017-08-10 09:45:42,988.31,-0.008,-0.026,19.72,67.50
2017-08-10 09:45:45,987.20,0.004,0.012,19.70,67.46
2017-08-10 09:45:48,988.31,-0.008,-0.026,19.72,67.50
2017-08-10 09:45:51,989.44,-0.019,-0.063,19.71,67.48
2017-08-10 09:45:55,988.31,-0.008,-0.026,19.72,67.50
2017-08-10 09:45:58,988.31,-0.008,-0.026,19.72,67.50
2017-08-10 09:46:01,988.33,-0.008,-0.026,19.72,67.50
2017-08-10 09:46:04,989.42,-0.019,-0.063,19.71,67.48
2017-08-10 09:46:07,987.20,0.004,0.012,19.72,67.50
2017-08-10 09:46:10,988.31,-0.008,-0.026,19.73,67.52
2017-08-10 09:46:14,989.42,-0.019,-0.063,19.69,67.44
2017-08-10 09:46:17,990.55,-0.031,-0.100,19.61,67.30
2017-08-10 09:46:20,989.90,-0.024,-0.079,26.90,80.41
2017-08-10 09:46:23,991.00,-0.035,-0.115,30.09,86.17
2017-08-10 09:46:26,989.81,-0.023,-0.076,30.98,87.77
2017-08-10 09:46:30,990.69,-0.032,-0.105,31.58,88.85
2017-08-10 09:46:33,989.15,-0.016,-0.054,32.09,89.76
2017-08-10 09:46:36,990.85,-0.034,-0.110,32.46,90.43
2017-08-10 09:46:39,990.24,-0.027,-0.090,32.76,90.97
2017-08-10 09:46:42,990.67,-0.032,-0.104,33.01,91.42
2017-08-10 09:46:45,991.03,-0.035,-0.116,33.18,91.73
2017-08-10 09:46:49,991.36,-0.039,-0.127,33.33,92.00
2017-08-10 09:46:52,990.51,-0.030,-0.099,33.50,92.30
2017-08-10 09:46:55,990.78,-0.033,-0.108,33.65,92.57
2017-08-10 09:46:58,989.88,-0.024,-0.078,33.80,92.84
2017-08-10 09:47:01,990.10,-0.026,-0.085,33.88,92.98
2017-08-10 09:47:05,990.29,-0.028,-0.092,33.96,93.13
2017-08-10 09:47:08,990.48,-0.030,-0.098,34.07,93.33
2017-08-10 09:47:11,990.63,-0.031,-0.103,34.14,93.44
2017-08-10 09:47:14,990.80,-0.033,-0.109,34.19,93.54
2017-08-10 09:47:17,990.96,-0.035,-0.114,34.29,93.71
2017-08-10 09:47:20,991.11,-0.036,-0.119,34.38,93.89
2017-08-10 09:47:24,992.37,-0.049,-0.161,34.46,94.02
2017-08-10 09:47:27,991.36,-0.039,-0.127,34.56,94.22
2017-08-10 09:47:30,991.51,-0.040,-0.132,34.64,94.35
2017-08-10 09:47:33,992.80,-0.054,-0.176,34.70,94.47
2017-08-10 09:47:36,994.02,-0.066,-0.216,34.75,94.54
2017-08-10 09:47:40,991.82,-0.044,-0.143,34.78,94.60
2017-08-10 09:47:43,990.79,-0.033,-0.108,34.82,94.68
2017-08-10 09:47:46,990.91,-0.034,-0.112,34.89,94.79
2017-08-10 09:47:49,992.12,-0.047,-0.153,34.91,94.83
2017-08-10 09:47:52,989.95,-0.024,-0.080,34.96,94.93
2017-08-10 09:47:56,991.19,-0.037,-0.122,35.05,95.08
2017-08-10 09:47:59,992.43,-0.050,-0.163,35.11,95.20
2017-08-10 09:48:02,992.51,-0.051,-0.166,35.19,95.34
2017-08-10 09:48:05,991.47,-0.040,-0.131,35.24,95.43
2017-08-10 09:48:08,990.42,-0.029,-0.096,35.27,95.49
2017-08-10 09:48:12,990.50,-0.030,-0.099,35.29,95.53
2017-08-10 09:48:15,991.67,-0.042,-0.138,35.35,95.62
2017-08-10 09:48:18,990.61,-0.031,-0.102,35.38,95.68
2017-08-10 09:48:21,990.68,-0.032,-0.105,35.42,95.76
2017-08-10 09:48:24,990.76,-0.033,-0.107,35.48,95.86
2017-08-10 09:48:28,993.10,-0.057,-0.186,35.54,95.97
2017-08-10 09:48:31,992.04,-0.046,-0.150,35.57,96.03
2017-08-10 09:48:34,993.24,-0.058,-0.190,35.58,96.05
2017-08-10 09:48:37,993.31,-0.059,-0.193,35.63,96.13
2017-08-10 09:48:40,992.21,-0.048,-0.156,35.63,96.13
2017-08-10 09:48:43,992.26,-0.048,-0.158,35.67,96.20
2017-08-10 09:48:47,992.31,-0.049,-0.159,35.69,96.24
2017-08-10 09:48:50,992.38,-0.049,-0.162,35.72,96.30
2017-08-10 09:48:53,992.42,-0.050,-0.163,35.77,96.38
2017-08-10 09:48:56,992.47,-0.050,-0.165,35.80,96.44
2017-08-10 09:48:59,992.54,-0.051,-0.167,35.81,96.45
2017-08-10 09:49:02,991.44,-0.040,-0.130,35.83,96.49
2017-08-10 09:49:06,992.64,-0.052,-0.170,35.87,96.57
2017-08-10 09:49:09,991.56,-0.041,-0.134,35.89,96.61
2017-08-10 09:49:12,992.77,-0.053,-0.174,35.93,96.67
2017-08-10 09:49:15,993.96,-0.065,-0.214,35.94,96.69
2017-08-10 09:49:18,992.89,-0.054,-0.179,35.93,96.67
2017-08-10 09:49:22,994.02,-0.066,-0.217,35.96,96.73
2017-08-10 09:49:25,992.94,-0.055,-0.180,35.98,96.76
2017-08-10 09:49:28,991.84,-0.044,-0.143,36.01,96.82
2017-08-10 09:49:31,991.87,-0.044,-0.145,36.03,96.86
2017-08-10 09:49:34,991.94,-0.045,-0.147,36.06,96.90
2017-08-10 09:49:38,993.13,-0.057,-0.187,36.08,96.94
2017-08-10 09:49:41,994.32,-0.069,-0.226,36.08,96.94
2017-08-10 09:49:44,993.22,-0.058,-0.190,36.10,96.98
2017-08-10 09:49:47,992.13,-0.047,-0.153,36.13,97.03
2017-08-10 09:49:50,994.43,-0.070,-0.230,36.16,97.09
2017-08-10 09:49:53,992.15,-0.047,-0.154,36.18,97.13
2017-08-10 09:49:57,991.04,-0.036,-0.117,36.19,97.15
2017-08-10 09:50:00,992.22,-0.048,-0.156,36.19,97.15
2017-08-10 09:50:03,991.11,-0.036,-0.119,36.19,97.15
2017-08-10 09:50:06,992.29,-0.048,-0.158,36.19,97.15
2017-08-10 09:50:09,991.20,-0.037,-0.122,36.22,97.19
2017-08-10 09:50:13,991.22,-0.037,-0.123,36.24,97.23
2017-08-10 09:50:16,991.27,-0.038,-0.124,36.24,97.23
2017-08-10 09:50:19,991.30,-0.038,-0.126,36.22,97.19
2017-08-10 09:50:22,992.48,-0.050,-0.165,36.24,97.23
2017-08-10 09:50:25,991.36,-0.039,-0.127,36.25,97.25
2017-08-10 09:50:28,991.41,-0.039,-0.129,36.26,97.27
2017-08-10 09:50:32,992.58,-0.051,-0.168,36.31,97.36
2017-08-10 09:50:35,992.65,-0.052,-0.171,36.29,97.32
2017-08-10 09:50:38,992.65,-0.052,-0.171,36.30,97.34
2017-08-10 09:50:41,993.85,-0.064,-0.211,36.33,97.40
2017-08-10 09:50:44,993.90,-0.065,-0.212,36.37,97.46
2017-08-10 09:50:48,998.62,-0.113,-0.370,36.37,97.46
2017-08-10 09:50:51,997.44,-0.101,-0.331,36.39,97.50
2017-08-10 09:50:54,998.58,-0.112,-0.369,36.40,97.52
2017-08-10 09:50:57,995.14,-0.077,-0.254,36.40,97.52
2017-08-10 09:51:00,995.20,-0.078,-0.256,36.41,97.54
2017-08-10 09:51:03,992.88,-0.054,-0.178,36.42,97.56
2017-08-10 09:51:07,991.77,-0.043,-0.141,36.41,97.54
2017-08-10 09:51:10,994.09,-0.067,-0.219,36.45,97.61
2017-08-10 09:51:13,994.12,-0.067,-0.220,36.47,97.65
2017-08-10 09:51:16,992.97,-0.055,-0.181,36.48,97.67
2017-08-10 09:51:19,993.00,-0.056,-0.182,36.47,97.65
2017-08-10 09:51:23,993.02,-0.056,-0.183,36.48,97.67
2017-08-10 09:51:26,993.05,-0.056,-0.184,36.48,97.67
2017-08-10 09:51:29,991.91,-0.044,-0.146,36.51,97.71
2017-08-10 09:51:32,991.93,-0.045,-0.146,36.48,97.67
2017-08-10 09:51:35,991.95,-0.045,-0.147,36.51,97.71
2017-08-10 09:51:39,993.14,-0.057,-0.187,36.46,97.63
2017-08-10 09:51:42,991.98,-0.045,-0.148,36.49,97.69
2017-08-10 09:51:45,990.87,-0.034,-0.111,36.51,97.71
2017-08-10 09:51:48,992.03,-0.046,-0.150,36.51,97.71
2017-08-10 09:51:51,992.09,-0.046,-0.152,36.48,97.67
2017-08-10 09:51:54,993.23,-0.058,-0.190,36.51,97.71
2017-08-10 09:51:57,993.28,-0.058,-0.192,36.52,97.73
2017-08-10 09:52:01,994.47,-0.071,-0.232,36.54,97.77
2017-08-10 09:52:04,999.11,-0.118,-0.387,36.56,97.81
2017-08-10 09:52:07,997.97,-0.106,-0.349,36.56,97.81
2017-08-10 09:52:10,996.83,-0.095,-0.310,36.57,97.83
2017-08-10 09:52:13,996.83,-0.095,-0.310,36.57,97.83
2017-08-10 09:52:16,996.90,-0.095,-0.313,36.57,97.83
2017-08-10 09:52:20,994.54,-0.071,-0.234,36.59,97.86
2017-08-10 09:52:23,993.40,-0.060,-0.196,36.57,97.83
2017-08-10 09:52:26,993.40,-0.060,-0.196,36.55,97.79
2017-08-10 09:52:29,992.31,-0.049,-0.159,36.57,97.83
2017-08-10 09:52:32,993.44,-0.060,-0.197,36.58,97.84
2017-08-10 09:52:35,992.31,-0.049,-0.159,36.58,97.84
2017-08-10 09:52:39,992.35,-0.049,-0.160,36.58,97.84
2017-08-10 09:52:42,996.97,-0.096,-0.315,36.57,97.83
2017-08-10 09:52:45,994.68,-0.073,-0.239,36.60,97.88
2017-08-10 09:52:48,994.70,-0.073,-0.239,36.59,97.86
2017-08-10 09:52:51,995.84,-0.085,-0.277,36.58,97.84
2017-08-10 09:52:55,997.11,-0.097,-0.320,36.59,97.86
2017-08-10 09:52:58,998.22,-0.109,-0.357,36.55,97.79
2017-08-10 09:53:01,998.24,-0.109,-0.357,36.59,97.86
2017-08-10 09:53:04,998.25,-0.109,-0.358,36.60,97.88
2017-08-10 09:53:07,999.47,-0.121,-0.399,36.60,97.88
2017-08-10 09:53:11,999.43,-0.121,-0.397,36.61,97.90
2017-08-10 09:53:14,998.29,-0.109,-0.359,36.59,97.86
2017-08-10 09:53:17,998.29,-0.109,-0.359,36.59,97.86
2017-08-10 09:53:20,1000.66,-0.134,-0.439,36.60,97.88
2017-08-10 09:53:23,997.18,-0.098,-0.322,36.60,97.88
2017-08-10 09:53:26,999.45,-0.121,-0.398,36.58,97.84
2017-08-10 09:53:30,993.70,-0.063,-0.206,36.59,97.86
2017-08-10 09:53:33,994.86,-0.075,-0.244,36.58,97.84
2017-08-10 09:53:36,993.72,-0.063,-0.206,36.62,97.92
2017-08-10 09:53:39,993.73,-0.063,-0.207,36.60,97.88
2017-08-10 09:53:42,991.45,-0.040,-0.130,36.62,97.92
2017-08-10 09:53:46,993.75,-0.063,-0.207,36.60,97.88
2017-08-10 09:53:49,991.47,-0.040,-0.131,36.59,97.86
2017-08-10 09:53:52,991.48,-0.040,-0.132,36.61,97.90
2017-08-10 09:53:55,992.63,-0.052,-0.170,36.59,97.86
2017-08-10 09:53:58,993.79,-0.064,-0.209,36.60,97.88
2017-08-10 09:54:01,992.66,-0.052,-0.171,36.60,97.88
2017-08-10 09:54:05,992.68,-0.052,-0.172,36.56,97.81
2017-08-10 09:54:08,992.70,-0.052,-0.172,36.60,97.88
2017-08-10 09:54:11,995.03,-0.076,-0.250,36.59,97.86
2017-08-10 09:54:14,992.71,-0.053,-0.173,36.59,97.86
2017-08-10 09:54:17,993.89,-0.065,-0.212,36.57,97.83
2017-08-10 09:54:20,993.89,-0.065,-0.212,36.59,97.86
2017-08-10 09:54:24,992.78,-0.053,-0.175,36.59,97.86
2017-08-10 09:54:27,992.77,-0.053,-0.174,36.58,97.84
2017-08-10 09:54:30,992.77,-0.053,-0.174,36.57,97.83
2017-08-10 09:54:33,993.93,-0.065,-0.213,36.57,97.83
2017-08-10 09:54:36,993.98,-0.066,-0.215,36.56,97.81
2017-08-10 09:54:39,993.96,-0.065,-0.214,36.58,97.84
2017-08-10 09:54:43,992.82,-0.054,-0.176,36.57,97.83
2017-08-10 09:54:46,993.98,-0.066,-0.215,36.58,97.84
2017-08-10 09:54:49,994.01,-0.066,-0.216,36.58,97.84
2017-08-10 09:54:52,992.85,-0.054,-0.177,36.58,97.84
2017-08-10 09:54:55,992.84,-0.054,-0.177,36.59,97.86
2017-08-10 09:54:59,991.71,-0.042,-0.139,36.57,97.83
2017-08-10 09:55:02,994.03,-0.066,-0.217,36.57,97.83
2017-08-10 09:55:05,992.85,-0.054,-0.177,36.55,97.79
2017-08-10 09:55:08,992.87,-0.054,-0.178,36.54,97.77
2017-08-10 09:55:11,992.89,-0.054,-0.179,36.54,97.77
2017-08-10 09:55:14,996.37,-0.090,-0.295,36.54,97.77
2017-08-10 09:55:18,992.91,-0.055,-0.179,36.53,97.75
2017-08-10 09:55:21,994.05,-0.066,-0.217,36.53,97.75
2017-08-10 09:55:24,994.07,-0.066,-0.218,36.52,97.73
2017-08-10 09:55:27,994.10,-0.067,-0.219,36.53,97.75
2017-08-10 09:55:30,995.23,-0.078,-0.257,36.51,97.71
2017-08-10 09:55:34,995.23,-0.078,-0.257,36.49,97.69
2017-08-10 09:55:37,994.08,-0.067,-0.219,36.49,97.69
2017-08-10 09:55:40,995.28,-0.079,-0.259,36.48,97.67
2017-08-10 09:55:43,994.10,-0.067,-0.219,36.48,97.67
2017-08-10 09:55:46,995.25,-0.078,-0.257,36.49,97.69
2017-08-10 09:55:49,994.12,-0.067,-0.220,36.49,97.69
2017-08-10 09:55:53,994.15,-0.067,-0.221,36.39,97.50
2017-08-10 09:55:56,995.16,-0.078,-0.254,34.46,94.02
2017-08-10 09:55:59,994.95,-0.075,-0.247,33.03,91.45
2017-08-10 09:56:02,993.07,-0.056,-0.185,27.76,81.98
2017-08-10 09:56:05,989.71,-0.022,-0.072,25.74,78.33
2017-08-10 09:56:09,988.70,-0.012,-0.038,24.92,76.86
2017-08-10 09:56:12,989.04,-0.015,-0.050,24.47,76.05
2017-08-10 09:56:15,988.41,-0.009,-0.029,24.11,75.39
2017-08-10 09:56:18,987.91,-0.004,-0.012,23.77,74.79
2017-08-10 09:56:21,989.73,-0.022,-0.073,23.50,74.29
2017-08-10 09:56:24,988.22,-0.007,-0.022,23.27,73.89
2017-08-10 09:56:28,986.77,0.008,0.026,23.08,73.54
2017-08-10 09:56:31,988.77,-0.012,-0.041,22.88,73.19
2017-08-10 09:56:34,989.60,-0.021,-0.069,22.73,72.92
2017-08-10 09:56:37,989.38,-0.019,-0.061,22.57,72.63
2017-08-10 09:56:40,989.16,-0.016,-0.054,22.46,72.42
2017-08-10 09:56:44,987.86,-0.003,-0.010,22.35,72.23
2017-08-10 09:56:47,988.80,-0.013,-0.042,22.23,72.01
2017-08-10 09:56:50,988.61,-0.011,-0.036,22.16,71.88
2017-08-10 09:56:53,987.33,0.002,0.007,22.05,71.69
2017-08-10 09:56:56,989.46,-0.020,-0.064,21.96,71.53
2017-08-10 09:56:59,988.17,-0.006,-0.021,21.90,71.42
2017-08-10 09:57:03,988.05,-0.005,-0.017,21.81,71.26
2017-08-10 09:57:06,987.93,-0.004,-0.013,21.74,71.13
2017-08-10 09:57:09,988.93,-0.014,-0.046,21.70,71.07
2017-08-10 09:57:12,988.81,-0.013,-0.042,21.65,70.97
2017-08-10 09:57:15,987.59,-0.000,-0.001,21.62,70.91
2017-08-10 09:57:18,988.59,-0.011,-0.035,21.55,70.80
2017-08-10 09:57:22,988.51,-0.010,-0.032,21.50,70.70
2017-08-10 09:57:25,988.41,-0.009,-0.029,21.46,70.62
2017-08-10 09:57:28,988.32,-0.008,-0.026,21.45,70.61
2017-08-10 09:57:31,987.12,0.004,0.014,21.38,70.49
2017-08-10 09:57:34,988.12,-0.006,-0.019,21.33,70.39
2017-08-10 09:57:38,986.95,0.006,0.020,21.28,70.30
2017-08-10 09:57:41,985.73,0.019,0.061,21.23,70.22
2017-08-10 09:57:44,986.78,0.008,0.026,21.19,70.14
2017-08-10 09:57:47,987.81,-0.003,-0.009,21.16,70.08
2017-08-10 09:57:50,986.61,0.010,0.031,21.10,69.99
2017-08-10 09:57:53,986.54,0.010,0.034,21.07,69.93
2017-08-10 09:57:57,986.46,0.011,0.037,21.02,69.83
2017-08-10 09:58:00,986.41,0.012,0.038,21.00,69.79
2017-08-10 09:58:03,987.46,0.001,0.003,20.95,69.72
2017-08-10 09:58:06,985.15,0.024,0.080,20.90,69.62
2017-08-10 09:58:09,986.22,0.014,0.044,20.87,69.56
2017-08-10 09:58:12,986.15,0.014,0.047,20.86,69.54
2017-08-10 09:58:16,987.22,0.003,0.011,20.83,69.49
2017-08-10 09:58:19,987.17,0.004,0.013,20.78,69.41
2017-08-10 09:58:22,987.12,0.004,0.014,20.75,69.35
2017-08-10 09:58:25,987.05,0.005,0.017,20.74,69.33
2017-08-10 09:58:28,985.90,0.017,0.055,20.70,69.25
2017-08-10 09:58:32,986.97,0.006,0.020,20.68,69.22
2017-08-10 09:58:35,985.80,0.018,0.059,20.62,69.12
2017-08-10 09:58:38,987.98,-0.004,-0.014,20.62,69.12
2017-08-10 09:58:41,986.81,0.007,0.025,20.59,69.06
2017-08-10 09:58:44,987.90,-0.004,-0.012,20.58,69.04
2017-08-10 09:58:48,986.73,0.008,0.027,20.56,69.00
2017-08-10 09:58:51,986.68,0.009,0.029,20.54,68.96
2017-08-10 09:58:54,985.53,0.021,0.068,20.50,68.91
2017-08-10 09:58:57,985.49,0.021,0.069,20.49,68.89
2017-08-10 09:59:00,985.43,0.022,0.071,20.45,68.81
2017-08-10 09:59:03,986.51,0.011,0.035,20.43,68.77
2017-08-10 09:59:07,987.58,-0.000,-0.001,20.42,68.75
2017-08-10 09:59:10,985.31,0.023,0.075,20.41,68.73
2017-08-10 09:59:13,985.26,0.023,0.077,20.36,68.66
2017-08-10 09:59:16,986.34,0.012,0.040,20.36,68.66
2017-08-10 09:59:20,986.32,0.012,0.041,20.33,68.60
2017-08-10 09:59:23,986.27,0.013,0.043,20.28,68.50
2017-08-10 09:59:26,986.24,0.013,0.044,20.29,68.52
2017-08-10 09:59:29,986.22,0.014,0.044,20.29,68.52
2017-08-10 09:59:32,987.29,0.003,0.009,20.26,68.46
2017-08-10 09:59:35,987.25,0.003,0.010,20.25,68.44
2017-08-10 09:59:39,986.11,0.015,0.048,20.22,68.40
2017-08-10 09:59:42,987.19,0.004,0.012,20.20,68.37
2017-08-10 09:59:45,987.15,0.004,0.013,20.18,68.33
2017-08-10 09:59:48,986.00,0.016,0.052,20.15,68.27
2017-08-10 09:59:51,987.09,0.005,0.016,20.15,68.27
2017-08-10 09:59:55,987.05,0.005,0.017,20.16,68.29
2017-08-10 09:59:58,987.02,0.005,0.018,20.11,68.19
2017-08-10 10:00:01,985.87,0.017,0.056,20.12,68.21
2017-08-10 10:00:04,985.84,0.017,0.057,20.10,68.17
2017-08-10 10:00:07,986.93,0.006,0.021,20.05,68.10
2017-08-10 10:00:10,986.90,0.007,0.022,20.05,68.10
2017-08-10 10:00:14,985.75,0.018,0.060,20.05,68.10
2017-08-10 10:00:17,986.85,0.007,0.023,20.01,68.02
2017-08-10 10:00:20,985.70,0.019,0.062,19.99,67.98
2017-08-10 10:00:23,986.80,0.008,0.025,19.99,67.98
2017-08-10 10:00:26,986.77,0.008,0.026,19.98,67.96
2017-08-10 10:00:29,986.73,0.008,0.027,19.99,67.98
2017-08-10 10:00:32,986.71,0.009,0.028,19.96,67.92
2017-08-10 10:00:36,987.79,-0.003,-0.008,19.94,67.88
2017-08-10 10:00:39,987.76,-0.002,-0.007,19.92,67.86
2017-08-10 10:00:42,986.61,0.010,0.031,19.90,67.83
2017-08-10 10:00:45,985.48,0.021,0.069,19.90,67.83
2017-08-10 10:00:48,985.47,0.021,0.070,19.87,67.77
2017-08-10 10:00:52,986.55,0.010,0.034,19.86,67.75
2017-08-10 10:00:55,986.51,0.011,0.035,19.87,67.77
2017-08-10 10:00:58,987.63,-0.001,-0.003,19.84,67.71
2017-08-10 10:01:01,986.48,0.011,0.036,19.83,67.69
2017-08-10 10:01:04,985.35,0.022,0.074,19.83,67.69
2017-08-10 10:01:07,986.43,0.011,0.037,19.82,67.67
2017-08-10 10:01:11,986.41,0.012,0.038,19.77,67.59
2017-08-10 10:01:14,986.39,0.012,0.039,19.77,67.59
2017-08-10 10:01:17,986.36,0.012,0.040,19.75,67.56
2017-08-10 10:01:20,986.34,0.012,0.040,19.75,67.56
2017-08-10 10:01:23,986.33,0.012,0.041,19.74,67.54
2017-08-10 10:01:27,988.54,-0.010,-0.033,19.75,67.56
2017-08-10 10:01:30,986.29,0.013,0.042,19.72,67.50
2017-08-10 10:01:33,986.26,0.013,0.043,19.70,67.46
2017-08-10 10:01:36,987.34,0.002,0.007,19.70,67.46
2017-08-10 10:01:39,987.34,0.002,0.007,19.68,67.42
2017-08-10 10:01:42,986.19,0.014,0.045,19.66,67.38
2017-08-10 10:01:46,986.18,0.014,0.046,19.67,67.40
2017-08-10 10:01:49,986.16,0.014,0.046,19.65,67.36
2017-08-10 10:01:52,986.13,0.015,0.048,19.65,67.36
2017-08-10 10:01:55,987.22,0.003,0.011,19.65,67.36
2017-08-10 10:01:58,987.20,0.004,0.012,19.63,67.34
2017-08-10 10:02:01,986.08,0.015,0.049,19.62,67.32
2017-08-10 10:02:05,986.06,0.015,0.050,19.59,67.27
2017-08-10 10:02:08,987.15,0.004,0.013,19.61,67.30
2017-08-10 10:02:11,986.01,0.016,0.052,19.58,67.25
2017-08-10 10:02:14,985.99,0.016,0.052,19.57,67.23
2017-08-10 10:02:17,987.10,0.005,0.015,19.56,67.21
2017-08-10 10:02:20,985.96,0.016,0.053,19.55,67.19
2017-08-10 10:02:24,987.05,0.005,0.017,19.54,67.17
2017-08-10 10:02:27,987.04,0.005,0.017,19.54,67.17
2017-08-10 10:02:30,985.91,0.017,0.055,19.52,67.13
2017-08-10 10:02:33,985.89,0.017,0.055,19.52,67.13
2017-08-10 10:02:36,988.10,-0.006,-0.018,19.50,67.09
2017-08-10 10:02:40,986.97,0.006,0.019,19.47,67.05
2017-08-10 10:02:43,988.06,-0.005,-0.017,19.48,67.07
2017-08-10 10:02:46,986.94,0.006,0.021,19.46,67.03
2017-08-10 10:02:49,984.70,0.029,0.095,19.48,67.07
2017-08-10 10:02:52,985.79,0.018,0.059,19.45,67.01
2017-08-10 10:02:56,988.00,-0.005,-0.015,19.45,67.01
2017-08-10 10:02:59,986.88,0.007,0.022,19.42,66.96
2017-08-10 10:03:02,985.74,0.018,0.061,19.42,66.96
2017-08-10 10:03:05,986.83,0.007,0.024,19.42,66.96
2017-08-10 10:03:08,986.82,0.007,0.024,19.42,66.96
2017-08-10 10:03:11,986.80,0.008,0.025,19.40,66.92
2017-08-10 10:03:15,986.78,0.008,0.026,19.38,66.88
2017-08-10 10:03:18,986.77,0.008,0.026,19.38,66.88
2017-08-10 10:03:21,986.75,0.008,0.027,19.38,66.88
2017-08-10 10:03:24,986.73,0.008,0.027,19.37,66.86
2017-08-10 10:03:27,985.61,0.020,0.065,19.38,66.88
2017-08-10 10:03:31,985.59,0.020,0.066,19.33,66.80
2017-08-10 10:03:34,986.70,0.009,0.028,19.35,66.82
2017-08-10 10:03:37,984.44,0.032,0.104,19.33,66.80
2017-08-10 10:03:40,986.67,0.009,0.030,19.33,66.80
2017-08-10 10:03:43,986.65,0.009,0.030,19.33,66.80
2017-08-10 10:03:46,986.63,0.009,0.031,19.31,66.76
2017-08-10 10:03:50,986.62,0.010,0.031,19.30,66.74
2017-08-10 10:03:53,985.49,0.021,0.069,19.30,66.74
2017-08-10 10:03:56,985.47,0.021,0.069,19.28,66.71
2017-08-10 10:03:59,985.47,0.021,0.069,19.29,66.73
2017-08-10 10:04:02,985.44,0.022,0.071,19.27,66.69
2017-08-10 10:04:05,985.42,0.022,0.071,19.27,66.69
2017-08-10 10:04:09,985.40,0.022,0.072,19.25,66.65
2017-08-10 10:04:12,986.53,0.010,0.034,19.26,66.67
2017-08-10 10:04:15,985.39,0.022,0.072,19.23,66.61
2017-08-10 10:04:18,986.50,0.011,0.035,19.23,66.61
2017-08-10 10:04:21,986.48,0.011,0.036,19.23,66.61
2017-08-10 10:04:24,985.37,0.022,0.073,19.22,66.59
2017-08-10 10:04:28,985.32,0.023,0.075,19.21,66.57
2017-08-10 10:04:31,986.43,0.011,0.037,19.23,66.61
2017-08-10 10:04:34,985.30,0.023,0.075,19.21,66.57
2017-08-10 10:04:37,985.29,0.023,0.076,19.18,66.53
2017-08-10 10:04:40,986.40,0.012,0.039,19.18,66.53
2017-08-10 10:04:44,985.27,0.023,0.076,19.18,66.53
2017-08-10 10:04:47,986.36,0.012,0.040,19.18,66.53
2017-08-10 10:04:50,986.36,0.012,0.040,19.18,66.53
2017-08-10 10:04:53,986.36,0.012,0.040,19.18,66.53
2017-08-10 10:04:56,986.33,0.012,0.041,19.16,66.49
2017-08-10 10:04:59,986.33,0.012,0.041,19.13,66.44
2017-08-10 10:05:03,986.33,0.012,0.041,19.14,66.45
2017-08-10 10:05:06,986.31,0.013,0.041,19.14,66.45
2017-08-10 10:05:09,986.30,0.013,0.042,19.14,66.45
2017-08-10 10:05:12,986.28,0.013,0.042,19.13,66.44
2017-08-10 10:05:15,986.28,0.013,0.042,19.12,66.42
2017-08-10 10:05:19,985.15,0.024,0.080,19.13,66.44
2017-08-10 10:05:22,986.25,0.013,0.044,19.11,66.40
2017-08-10 10:05:25,986.23,0.013,0.044,19.10,66.38
2017-08-10 10:05:28,986.23,0.013,0.044,19.11,66.40
2017-08-10 10:05:31,986.23,0.013,0.044,19.09,66.36
2017-08-10 10:05:34,985.09,0.025,0.082,19.09,66.36
2017-08-10 10:05:38,985.09,0.025,0.082,19.07,66.32
2017-08-10 10:05:41,986.18,0.014,0.046,19.07,66.32
2017-08-10 10:05:44,987.29,0.003,0.009,19.06,66.30
2017-08-10 10:05:47,985.05,0.025,0.083,19.06,66.30
2017-08-10 10:05:50,986.15,0.014,0.047,19.06,66.30
2017-08-10 10:05:54,985.04,0.026,0.084,19.06,66.30
2017-08-10 10:05:57,986.13,0.014,0.048,19.04,66.28
2017-08-10 10:06:00,986.11,0.015,0.048,19.06,66.30
2017-08-10 10:06:03,985.00,0.026,0.085,19.03,66.26
2017-08-10 10:06:06,986.11,0.015,0.048,19.01,66.22
2017-08-10 10:06:10,986.10,0.015,0.049,19.02,66.24
2017-08-10 10:06:13,986.08,0.015,0.049,19.02,66.24
2017-08-10 10:06:16,986.08,0.015,0.049,18.99,66.18
2017-08-10 10:06:19,986.06,0.015,0.050,19.01,66.22
2017-08-10 10:06:22,983.83,0.038,0.124,19.00,66.20
2017-08-10 10:06:26,986.05,0.015,0.050,18.98,66.17
2017-08-10 10:06:29,986.05,0.015,0.050,18.99,66.18
2017-08-10 10:06:32,986.03,0.016,0.051,18.97,66.15
2017-08-10 10:06:35,984.90,0.027,0.089,18.98,66.17
2017-08-10 10:06:38,986.00,0.016,0.052,18.99,66.18
2017-08-10 10:06:41,986.00,0.016,0.052,18.97,66.15
2017-08-10 10:06:45,985.98,0.016,0.053,18.97,66.15
2017-08-10 10:06:48,985.98,0.016,0.053,18.96,66.13
2017-08-10 10:06:51,985.98,0.016,0.053,18.96,66.13
2017-08-10 10:06:54,985.96,0.016,0.053,18.96,66.13
2017-08-10 10:06:57,987.05,0.005,0.017,18.93,66.07
2017-08-10 10:07:00,987.05,0.005,0.017,18.96,66.13
2017-08-10 10:07:04,985.94,0.016,0.054,18.93,66.07
2017-08-10 10:07:07,987.02,0.005,0.018,18.93,66.07
2017-08-10 10:07:10,985.91,0.017,0.055,18.96,66.13
2017-08-10 10:07:13,985.91,0.017,0.055,18.92,66.05
2017-08-10 10:07:16,985.91,0.017,0.055,18.94,66.09
2017-08-10 10:07:20,987.00,0.006,0.018,18.92,66.05
2017-08-10 10:07:23,985.88,0.017,0.056,18.91,66.03
2017-08-10 10:07:26,986.99,0.006,0.019,18.91,66.03
2017-08-10 10:07:29,985.88,0.017,0.056,18.91,66.03
2017-08-10 10:07:32,985.86,0.017,0.056,18.91,66.03
2017-08-10 10:07:35,986.95,0.006,0.020,18.88,65.99
2017-08-10 10:07:39,985.84,0.017,0.057,18.89,66.01
2017-08-10 10:07:42,986.94,0.006,0.021,18.88,65.99
2017-08-10 10:07:45,985.83,0.018,0.058,18.91,66.03
2017-08-10 10:07:48,985.83,0.018,0.058,18.86,65.95
2017-08-10 10:07:51,986.94,0.006,0.021,18.88,65.99
2017-08-10 10:07:55,985.81,0.018,0.058,18.86,65.95
2017-08-10 10:07:58,985.79,0.018,0.059,18.86,65.95
2017-08-10 10:08:01,985.79,0.018,0.059,18.85,65.93
2017-08-10 10:08:04,985.78,0.018,0.059,18.86,65.95
2017-08-10 10:08:07,985.76,0.018,0.060,18.85,65.93
2017-08-10 10:08:10,985.76,0.018,0.060,18.86,65.95
2017-08-10 10:08:14,985.76,0.018,0.060,18.84,65.91
2017-08-10 10:08:17,985.74,0.018,0.060,18.83,65.89
2017-08-10 10:08:20,985.74,0.018,0.060,18.82,65.88
2017-08-10 10:08:23,986.84,0.007,0.024,18.83,65.89
2017-08-10 10:08:26,986.84,0.007,0.024,18.83,65.89
2017-08-10 10:08:29,985.71,0.019,0.062,18.83,65.89
2017-08-10 10:08:32,985.73,0.019,0.061,18.82,65.88
2017-08-10 10:08:36,985.71,0.019,0.062,18.82,65.88
2017-08-10 10:08:39,986.80,0.008,0.025,18.82,65.88
2017-08-10 10:08:42,986.80,0.008,0.025,18.80,65.84
2017-08-10 10:08:45,986.80,0.008,0.025,18.81,65.86
2017-08-10 10:08:48,985.68,0.019,0.063,18.81,65.86
2017-08-10 10:08:51,985.68,0.019,0.063,18.81,65.86
2017-08-10 10:08:55,986.77,0.008,0.026,18.80,65.84
2017-08-10 10:08:58,985.66,0.019,0.063,18.79,65.82
2017-08-10 10:09:01,985.66,0.019,0.063,18.78,65.80
2017-08-10 10:09:04,985.64,0.019,0.064,18.80,65.84
2017-08-10 10:09:07,985.64,0.019,0.064,18.78,65.80
2017-08-10 10:09:11,986.73,0.008,0.027,18.80,65.84
2017-08-10 10:09:14,986.73,0.008,0.027,18.77,65.78
2017-08-10 10:09:17,986.73,0.008,0.027,18.76,65.76
2017-08-10 10:09:20,985.61,0.020,0.065,18.77,65.78
2017-08-10 10:09:23,984.50,0.031,0.102,18.76,65.76
2017-08-10 10:09:27,985.61,0.020,0.065,18.76,65.76
2017-08-10 10:09:30,986.70,0.009,0.028,18.78,65.80
2017-08-10 10:09:33,986.68,0.009,0.029,18.76,65.76
2017-08-10 10:09:36,984.49,0.031,0.102,18.74,65.74
2017-08-10 10:09:39,986.68,0.009,0.029,18.76,65.76
2017-08-10 10:09:42,985.58,0.020,0.066,18.76,65.76
2017-08-10 10:09:46,986.68,0.009,0.029,18.73,65.72
2017-08-10 10:09:49,987.79,-0.002,-0.008,18.74,65.74
2017-08-10 10:09:52,986.67,0.009,0.029,18.73,65.72
2017-08-10 10:09:55,985.56,0.020,0.067,18.74,65.74
2017-08-10 10:09:58,985.54,0.020,0.067,18.73,65.72
2017-08-10 10:10:01,985.53,0.021,0.068,18.72,65.70
2017-08-10 10:10:05,986.63,0.009,0.031,18.71,65.68
2017-08-10 10:10:08,987.74,-0.002,-0.006,18.70,65.66
2017-08-10 10:10:11,985.53,0.021,0.068,18.71,65.68
2017-08-10 10:10:14,985.51,0.021,0.068,18.70,65.66
2017-08-10 10:10:17,986.62,0.010,0.031,18.70,65.66
2017-08-10 10:10:21,986.62,0.010,0.031,18.71,65.68
2017-08-10 10:10:24,985.51,0.021,0.068,18.72,65.70
2017-08-10 10:10:27,986.60,0.010,0.032,18.70,65.66
2017-08-10 10:10:30,986.58,0.010,0.032,18.70,65.66
2017-08-10 10:10:33,986.58,0.010,0.032,18.70,65.66
2017-08-10 10:10:36,987.69,-0.001,-0.005,18.70,65.66
2017-08-10 10:10:40,985.48,0.021,0.069,18.69,65.64
2017-08-10 10:10:43,985.46,0.021,0.070,18.68,65.62
2017-08-10 10:10:46,986.57,0.010,0.033,18.69,65.64
2017-08-10 10:10:49,986.57,0.010,0.033,18.67,65.61
2017-08-10 10:10:52,986.55,0.010,0.033,18.68,65.62
2017-08-10 10:10:56,987.66,-0.001,-0.004,18.68,65.62
2017-08-10 10:10:59,985.44,0.021,0.070,18.67,65.61
2017-08-10 10:11:02,985.44,0.021,0.070,18.67,65.61
2017-08-10 10:11:05,985.43,0.022,0.071,18.66,65.59
2017-08-10 10:11:08,985.43,0.022,0.071,18.65,65.57
2017-08-10 10:11:11,986.53,0.010,0.034,18.66,65.59
2017-08-10 10:11:15,986.53,0.010,0.034,18.66,65.59
2017-08-10 10:11:18,987.62,-0.001,-0.003,18.68,65.62
2017-08-10 10:11:21,987.62,-0.001,-0.003,18.64,65.55
2017-08-10 10:11:24,986.52,0.011,0.035,18.65,65.57
2017-08-10 10:11:27,987.62,-0.001,-0.003,18.66,65.59
2017-08-10 10:11:31,987.61,-0.001,-0.002,18.66,65.59
2017-08-10 10:11:34,986.50,0.011,0.035,18.65,65.57
2017-08-10 10:11:37,986.48,0.011,0.036,18.64,65.55
2017-08-10 10:11:40,986.48,0.011,0.036,18.68,65.62
2017-08-10 10:11:43,985.38,0.022,0.073,18.64,65.55
2017-08-10 10:11:46,986.47,0.011,0.036,18.64,65.55
2017-08-10 10:11:50,986.47,0.011,0.036,18.63,65.53
2017-08-10 10:11:53,988.68,-0.012,-0.038,18.65,65.57
2017-08-10 10:11:56,987.56,-0.000,-0.000,18.64,65.55
2017-08-10 10:11:59,987.57,-0.000,-0.001,18.65,65.57
2017-08-10 10:12:02,987.56,-0.000,-0.000,18.64,65.55
2017-08-10 10:12:06,987.56,-0.000,-0.000,18.61,65.49
2017-08-10 10:12:09,986.43,0.011,0.037,18.62,65.51
2017-08-10 10:12:12,986.43,0.011,0.037,18.62,65.51
2017-08-10 10:12:15,986.43,0.011,0.037,18.62,65.51
2017-08-10 10:12:18,987.54,0.000,0.000,18.61,65.49
2017-08-10 10:12:21,988.65,-0.011,-0.037,18.64,65.55
2017-08-10 10:12:25,987.52,0.000,0.001,18.61,65.49
2017-08-10 10:12:28,987.52,0.000,0.001,18.62,65.51
2017-08-10 10:12:31,988.63,-0.011,-0.036,18.62,65.51
2017-08-10 10:12:34,988.63,-0.011,-0.036,18.62,65.51
2017-08-10 10:12:37,988.63,-0.011,-0.036,18.61,65.49
2017-08-10 10:12:40,986.40,0.012,0.038,18.62,65.51
2017-08-10 10:12:44,987.51,0.000,0.001,18.62,65.51
2017-08-10 10:12:47,987.51,0.000,0.001,18.61,65.49
2017-08-10 10:12:50,987.51,0.000,0.001,18.61,65.49
2017-08-10 10:12:53,987.49,0.001,0.002,18.58,65.45
2017-08-10 10:12:56,988.60,-0.011,-0.035,18.59,65.47
2017-08-10 10:13:00,987.49,0.001,0.002,18.62,65.51
2017-08-10 10:13:03,986.38,0.012,0.039,18.58,65.45
2017-08-10 10:13:06,987.49,0.001,0.002,18.59,65.47
2017-08-10 10:13:09,987.47,0.001,0.003,18.61,65.49
2017-08-10 10:13:12,987.47,0.001,0.003,18.59,65.47
2017-08-10 10:13:16,987.47,0.001,0.003,18.57,65.43
2017-08-10 10:13:19,987.47,0.001,0.003,18.58,65.45
2017-08-10 10:13:22,986.37,0.012,0.040,18.58,65.45
2017-08-10 10:13:25,987.46,0.001,0.003,18.57,65.43
2017-08-10 10:13:28,987.46,0.001,0.003,18.57,65.43
2017-08-10 10:13:31,987.46,0.001,0.003,18.61,65.49
2017-08-10 10:13:35,987.44,0.001,0.004,18.58,65.45
2017-08-10 10:13:38,988.56,-0.010,-0.034,18.58,65.45
2017-08-10 10:13:41,987.44,0.001,0.004,18.59,65.47
2017-08-10 10:13:44,987.46,0.001,0.003,18.57,65.43
2017-08-10 10:13:47,987.46,0.001,0.003,18.57,65.43
2017-08-10 10:13:50,988.55,-0.010,-0.033,18.56,65.41
2017-08-10 10:13:54,986.31,0.013,0.041,18.57,65.43
2017-08-10 10:13:57,988.55,-0.010,-0.033,18.57,65.43
2017-08-10 10:14:00,987.44,0.001,0.004,18.55,65.39
2017-08-10 10:14:03,987.42,0.001,0.004,18.57,65.43
2017-08-10 10:14:06,988.53,-0.010,-0.033,18.57,65.43
2017-08-10 10:14:10,987.42,0.001,0.004,18.55,65.39
2017-08-10 10:14:13,986.31,0.013,0.041,18.55,65.39
2017-08-10 10:14:16,986.30,0.013,0.042,18.57,65.43
2017-08-10 10:14:19,987.40,0.001,0.005,18.57,65.43
2017-08-10 10:14:22,987.40,0.001,0.005,18.59,65.47
2017-08-10 10:14:25,986.30,0.013,0.042,18.56,65.41
2017-08-10 10:14:29,987.40,0.001,0.005,18.56,65.41
2017-08-10 10:14:32,987.39,0.002,0.005,18.56,65.41
2017-08-10 10:14:35,986.30,0.013,0.042,18.54,65.37
2017-08-10 10:14:38,988.49,-0.010,-0.032,18.54,65.37
2017-08-10 10:14:41,987.39,0.002,0.005,18.54,65.37
2017-08-10 10:14:44,986.28,0.013,0.042,18.55,65.39
2017-08-10 10:14:48,987.39,0.002,0.005,18.56,65.41
2017-08-10 10:14:51,987.39,0.002,0.005,18.55,65.39
2017-08-10 10:14:54,988.49,-0.010,-0.032,18.55,65.39
2017-08-10 10:14:57,988.48,-0.009,-0.031,18.55,65.39
2017-08-10 10:15:00,987.37,0.002,0.006,18.54,65.37
2017-08-10 10:15:03,987.35,0.002,0.007,18.55,65.39
2017-08-10 10:15:07,987.37,0.002,0.006,18.54,65.37
2017-08-10 10:15:10,986.25,0.013,0.044,18.54,65.37
2017-08-10 10:15:13,987.35,0.002,0.007,18.54,65.37
2017-08-10 10:15:16,987.35,0.002,0.007,18.55,65.39
2017-08-10 10:15:19,987.35,0.002,0.007,18.56,65.41
2017-08-10 10:15:23,987.35,0.002,0.007,18.55,65.39
2017-08-10 10:15:26,986.25,0.013,0.044,18.54,65.37
2017-08-10 10:15:29,987.34,0.002,0.007,18.55,65.39
2017-08-10 10:15:32,987.35,0.002,0.007,18.57,65.43
2017-08-10 10:15:35,987.35,0.002,0.007,18.54,65.37
2017-08-10 10:15:39,987.34,0.002,0.007,18.55,65.39
2017-08-10 10:15:42,987.34,0.002,0.007,18.54,65.37
2017-08-10 10:15:45,987.34,0.002,0.007,18.53,65.35
2017-08-10 10:15:48,987.34,0.002,0.007,18.54,65.37
2017-08-10 10:15:51,987.34,0.002,0.007,18.54,65.37
2017-08-10 10:15:54,986.21,0.014,0.045,18.52,65.34
2017-08-10 10:15:58,987.34,0.002,0.007,18.53,65.35
2017-08-10 10:16:01,986.21,0.014,0.045,18.53,65.35
2017-08-10 10:16:04,987.32,0.002,0.008,18.53,65.35
2017-08-10 10:16:07,987.32,0.002,0.008,18.55,65.39
2017-08-10 10:16:10,986.21,0.014,0.045,18.54,65.37
2017-08-10 10:16:13,987.30,0.003,0.008,18.52,65.34
2017-08-10 10:16:17,987.30,0.003,0.008,18.54,65.37
2017-08-10 10:16:20,988.43,-0.009,-0.029,18.53,65.35
2017-08-10 10:16:23,987.30,0.003,0.008,18.54,65.37
2017-08-10 10:16:26,987.30,0.003,0.008,18.55,65.39
2017-08-10 10:16:29,986.20,0.014,0.045,18.54,65.37
2017-08-10 10:16:32,987.30,0.003,0.008,18.53,65.35
2017-08-10 10:16:36,987.30,0.003,0.008,18.54,65.37
2017-08-10 10:16:39,987.29,0.003,0.009,18.54,65.37
2017-08-10 10:16:42,986.20,0.014,0.045,18.54,65.37
2017-08-10 10:16:45,986.20,0.014,0.045,18.54,65.37
2017-08-10 10:16:48,987.29,0.003,0.009,18.54,65.37
2017-08-10 10:16:51,987.30,0.003,0.008,18.52,65.34
2017-08-10 10:16:55,987.29,0.003,0.009,18.54,65.37
2017-08-10 10:16:58,987.29,0.003,0.009,18.53,65.35
2017-08-10 10:17:01,987.29,0.003,0.009,18.52,65.34
2017-08-10 10:17:04,987.29,0.003,0.009,18.53,65.35
2017-08-10 10:17:07,987.29,0.003,0.009,18.52,65.34
2017-08-10 10:17:10,986.18,0.014,0.046,18.54,65.37
2017-08-10 10:17:14,987.29,0.003,0.009,18.51,65.32
2017-08-10 10:17:17,987.27,0.003,0.009,18.53,65.35
2017-08-10 10:17:20,986.18,0.014,0.046,18.52,65.34
2017-08-10 10:17:23,987.27,0.003,0.009,18.54,65.37
2017-08-10 10:17:26,987.27,0.003,0.009,18.51,65.32
2017-08-10 10:17:30,987.27,0.003,0.009,18.55,65.39
2017-08-10 10:17:33,986.16,0.014,0.046,18.53,65.35
2017-08-10 10:17:36,986.16,0.014,0.046,18.51,65.32
2017-08-10 10:17:39,987.27,0.003,0.009,18.52,65.34
2017-08-10 10:17:42,988.37,-0.008,-0.028,18.52,65.34
2017-08-10 10:17:46,986.16,0.014,0.046,18.53,65.35
2017-08-10 10:17:49,988.36,-0.008,-0.027,18.53,65.35
2017-08-10 10:17:52,987.27,0.003,0.009,18.52,65.34
2017-08-10 10:17:55,987.25,0.003,0.010,18.52,65.34
2017-08-10 10:17:58,987.27,0.003,0.009,18.51,65.32
2017-08-10 10:18:01,987.25,0.003,0.010,18.53,65.35
2017-08-10 10:18:05,986.16,0.014,0.046,18.52,65.34
2017-08-10 10:18:08,988.36,-0.008,-0.027,18.53,65.35
2017-08-10 10:18:11,987.25,0.003,0.010,18.53,65.35
2017-08-10 10:18:14,987.23,0.003,0.011,18.52,65.34
2017-08-10 10:18:17,987.25,0.003,0.010,18.54,65.37
2017-08-10 10:18:21,987.23,0.003,0.011,18.54,65.37
2017-08-10 10:18:24,987.23,0.003,0.011,18.54,65.37
2017-08-10 10:18:27,987.23,0.003,0.011,18.54,65.37
2017-08-10 10:18:30,987.23,0.003,0.011,18.52,65.34
2017-08-10 10:18:33,987.23,0.003,0.011,18.49,65.28
2017-08-10 10:18:36,987.23,0.003,0.011,18.53,65.35
2017-08-10 10:18:40,986.13,0.014,0.048,18.53,65.35
2017-08-10 10:18:43,987.23,0.003,0.011,18.54,65.37
2017-08-10 10:18:46,987.23,0.003,0.011,18.52,65.34
2017-08-10 10:18:49,987.23,0.003,0.011,18.54,65.37
2017-08-10 10:18:52,988.32,-0.008,-0.026,18.53,65.35
2017-08-10 10:18:55,987.23,0.003,0.011,18.53,65.35
2017-08-10 10:18:59,987.23,0.003,0.011,18.54,65.37
2017-08-10 10:19:02,987.22,0.003,0.011,18.52,65.34
2017-08-10 10:19:05,987.23,0.003,0.011,18.53,65.35
2017-08-10 10:19:08,988.34,-0.008,-0.026,18.52,65.34
2017-08-10 10:19:11,987.22,0.003,0.011,18.55,65.39
2017-08-10 10:19:15,986.11,0.015,0.048,18.54,65.37
2017-08-10 10:19:18,987.22,0.003,0.011,18.55,65.39
2017-08-10 10:19:21,987.20,0.004,0.012,18.52,65.34
2017-08-10 10:19:24,987.22,0.003,0.011,18.53,65.35
2017-08-10 10:19:27,987.22,0.003,0.011,18.54,65.37
2017-08-10 10:19:30,986.11,0.015,0.048,18.54,65.37
2017-08-10 10:19:34,987.22,0.003,0.011,18.52,65.34
2017-08-10 10:19:37,987.22,0.003,0.011,18.53,65.35
2017-08-10 10:19:40,987.20,0.004,0.012,18.53,65.35
2017-08-10 10:19:43,987.22,0.003,0.011,18.53,65.35
2017-08-10 10:19:46,988.32,-0.008,-0.026,18.53,65.35
2017-08-10 10:19:49,986.09,0.015,0.049,18.54,65.37
2017-08-10 10:19:53,987.20,0.004,0.012,18.53,65.35
2017-08-10 10:19:56,988.31,-0.008,-0.025,18.56,65.41
2017-08-10 10:19:59,987.22,0.003,0.011,18.55,65.39
2017-08-10 10:20:02,987.22,0.003,0.011,18.53,65.35
2017-08-10 10:20:05,988.31,-0.008,-0.025,18.54,65.37
2017-08-10 10:20:09,987.22,0.003,0.011,18.54,65.37
2017-08-10 10:20:12,987.22,0.003,0.011,18.53,65.35
2017-08-10 10:20:15,987.22,0.003,0.011,18.54,65.37
2017-08-10 10:20:18,988.31,-0.008,-0.025,18.54,65.37
2017-08-10 10:20:21,988.31,-0.008,-0.025,18.54,65.37
2017-08-10 10:20:24,987.20,0.004,0.012,18.53,65.35
2017-08-10 10:20:28,987.20,0.004,0.012,18.54,65.37
2017-08-10 10:20:31,988.31,-0.008,-0.025,18.53,65.35
2017-08-10 10:20:34,986.11,0.015,0.048,18.54,65.37
2017-08-10 10:20:37,988.31,-0.008,-0.025,18.54,65.37
2017-08-10 10:20:40,987.20,0.004,0.012,18.54,65.37
2017-08-10 10:20:44,987.20,0.004,0.012,18.54,65.37
2017-08-10 10:20:47,987.20,0.004,0.012,18.54,65.37
2017-08-10 10:20:50,987.20,0.004,0.012,18.53,65.35
2017-08-10 10:20:53,986.09,0.015,0.049,18.55,65.39
2017-08-10 10:20:56,987.20,0.004,0.012,18.55,65.39
2017-08-10 10:20:59,987.20,0.004,0.012,18.54,65.37
2017-08-10 10:21:03,988.29,-0.008,-0.025,18.54,65.37
2017-08-10 10:21:06,988.31,-0.008,-0.025,18.55,65.39
2017-08-10 10:21:09,987.18,0.004,0.012,18.54,65.37
2017-08-10 10:21:12,987.18,0.004,0.012,18.54,65.37
2017-08-10 10:21:15,987.20,0.004,0.012,18.55,65.39
2017-08-10 10:21:18,987.20,0.004,0.012,18.54,65.37
2017-08-10 10:21:22,987.18,0.004,0.012,18.54,65.37
2017-08-10 10:21:25,988.29,-0.008,-0.025,18.55,65.39
2017-08-10 10:21:28,987.18,0.004,0.012,18.54,65.37
2017-08-10 10:21:31,987.18,0.004,0.012,18.55,65.39
