Date       Time,Pres,Depth,temp-.01,temp0,temp5,Conduct,TDS,salinity,spec_grav,N sal,Nsg
2017-08-31 19:23:29,1014.67,0.018,22.69,22.38,22.07,104.8,57,0.00,1.000,0.06,1.002
2017-08-31 19:23:34,1015.83,0.006,22.69,22.38,22.00,105.0,57,0.00,1.000,0.06,1.002
2017-08-31 19:23:38,1018.19,-0.018,22.69,22.38,22.00,105.0,57,0.00,1.000,0.06,1.002
2017-08-31 19:23:43,1015.85,0.006,22.69,22.38,22.00,104.8,57,0.00,1.000,0.06,1.002
2017-08-31 19:23:47,1012.29,0.042,22.75,22.31,22.00,105.1,57,0.00,1.000,0.06,1.002
2017-08-31 19:23:53,1017.01,-0.006,22.75,22.31,22.00,105.1,57,0.00,1.000,0.06,1.002
2017-08-31 19:23:58,1018.19,-0.018,22.81,22.31,22.00,105.3,57,0.00,1.000,0.06,1.002
2017-08-31 19:24:02,1017.01,-0.006,22.81,22.38,22.00,105.1,57,0.00,1.000,0.06,1.002
2017-08-31 19:24:07,1018.21,-0.018,22.81,22.38,19.75,105.4,57,0.00,1.000,0.06,1.002
2017-08-31 19:24:14,1018.21,-0.018,22.69,22.44,19.32,105.2,57,0.00,1.000,0.06,1.002
2017-08-31 19:24:19,1015.83,0.006,20.44,22.38,19.32,26830,14492,16.42,1.013,17.24,1.015
2017-08-31 19:24:24,1021.74,-0.053,18.75,21.12,19.32,28870,15592,17.78,1.014,19.23,1.017
2017-08-31 19:24:28,1021.70,-0.053,18.00,19.19,19.38,30050,16228,18.55,1.015,21.02,1.019
2017-08-31 19:24:33,1037.94,-0.215,17.69,18.31,19.38,30860,16666,19.09,1.015,22.10,1.020
2017-08-31 19:24:37,1110.92,-0.944,17.44,17.81,19.44,31270,16891,19.36,1.016,22.68,1.021
2017-08-31 19:24:42,1190.89,-1.741,17.12,17.56,19.50,31340,16928,19.40,1.016,22.86,1.021
2017-08-31 19:24:47,1538.34,-5.200,16.31,17.12,18.32,31270,16890,19.34,1.016,22.96,1.023
2017-08-31 19:24:52,1713.25,-6.931,15.56,16.19,16.82,31880,17219,19.72,1.016,23.95,1.025
2017-08-31 19:24:56,1716.08,-6.954,15.44,15.62,16.25,32450,17525,20.09,1.016,24.77,1.026
2017-08-31 19:25:01,1713.32,-6.925,15.31,15.31,16.00,32570,17589,20.16,1.016,25.07,1.026
2017-08-31 19:25:05,1715.50,-6.945,15.25,15.12,15.88,32730,17676,20.26,1.016,25.32,1.026
2017-08-31 19:25:10,1717.81,-6.967,15.19,15.00,15.76,32821,17723,20.32,1.016,25.48,1.026
2017-08-31 19:25:15,1714.19,-6.931,15.12,14.94,15.76,32781,17703,20.29,1.016,25.48,1.026
2017-08-31 19:25:20,1717.72,-6.966,15.06,14.94,15.76,32730,17677,20.25,1.016,25.44,1.026
2017-08-31 19:25:24,1714.15,-6.931,15.06,14.94,15.69,32700,17661,20.24,1.016,25.41,1.026
2017-08-31 19:25:29,1716.50,-6.954,15.00,14.94,15.69,32690,17657,20.23,1.016,25.41,1.026
2017-08-31 19:25:34,1718.86,-6.978,15.00,14.94,15.69,32650,17634,20.20,1.016,25.37,1.026
2017-08-31 19:25:38,1718.81,-6.976,15.00,14.88,15.69,32750,17690,20.27,1.016,25.50,1.026
2017-08-31 19:25:43,1711.75,-6.906,15.00,14.88,15.63,32771,17699,20.28,1.016,25.52,1.026
2017-08-31 19:25:48,1712.93,-6.919,15.00,14.94,15.63,32650,17635,20.20,1.016,25.37,1.026
2017-08-31 19:25:52,1711.71,-6.907,15.00,14.94,15.63,32650,17635,20.20,1.016,25.37,1.026
2017-08-31 19:25:57,1715.24,-6.942,14.94,14.94,15.63,32650,17636,20.20,1.016,25.37,1.026
2017-08-31 19:26:02,1714.06,-6.930,14.94,14.94,15.63,32620,17615,20.18,1.016,25.35,1.026
2017-08-31 19:26:06,1712.84,-6.918,14.94,14.94,15.57,32640,17629,20.19,1.016,25.36,1.026
2017-08-31 19:26:11,1713.97,-6.929,14.94,14.94,15.63,32620,17617,20.18,1.016,25.35,1.026
2017-08-31 19:26:15,1713.93,-6.929,14.94,14.94,15.63,32640,17629,20.19,1.016,25.36,1.026
2017-08-31 19:26:20,1713.97,-6.929,14.94,14.94,15.63,32630,17622,20.19,1.016,25.35,1.026
2017-08-31 19:26:25,1715.11,-6.941,14.94,14.94,15.63,32580,17594,20.15,1.016,25.31,1.026
2017-08-31 19:26:29,1717.46,-6.964,14.94,14.94,15.63,32600,17606,20.17,1.016,25.33,1.026
2017-08-31 19:26:34,1717.46,-6.964,14.88,14.94,15.63,32600,17609,20.17,1.016,25.33,1.026
2017-08-31 19:26:39,1715.06,-6.940,14.94,14.94,15.63,32590,17601,20.16,1.016,25.32,1.026
2017-08-31 19:26:43,1710.36,-6.894,14.94,14.94,15.63,32590,17601,20.16,1.016,25.32,1.026
2017-08-31 19:26:48,1716.24,-6.952,14.94,14.94,15.63,32600,17605,20.16,1.016,25.33,1.026
2017-08-31 19:26:53,1716.24,-6.952,14.94,14.94,15.63,32580,17597,20.15,1.016,25.31,1.026
2017-08-31 19:26:57,1711.44,-6.904,14.94,14.94,15.63,32600,17609,20.17,1.016,25.33,1.026
2017-08-31 19:27:02,1713.84,-6.928,14.94,14.94,15.63,32610,17613,20.17,1.016,25.34,1.026
2017-08-31 19:27:07,1714.97,-6.939,14.94,14.94,15.63,32610,17614,20.17,1.016,25.34,1.026
2017-08-31 19:27:11,1711.40,-6.904,14.94,14.94,15.57,32610,17612,20.17,1.016,25.34,1.026
2017-08-31 19:27:16,1711.40,-6.904,14.94,14.94,15.57,32610,17615,20.18,1.016,25.34,1.026
2017-08-31 19:27:21,1713.75,-6.927,14.94,14.94,15.57,32620,17615,20.18,1.016,25.35,1.026
2017-08-31 19:27:25,1712.53,-6.915,14.94,14.94,15.57,32600,17606,20.17,1.016,25.33,1.026
2017-08-31 19:27:30,1714.89,-6.939,14.94,14.94,15.57,32570,17590,20.15,1.016,25.30,1.026
2017-08-31 19:27:34,1716.02,-6.950,14.94,14.94,15.57,32610,17612,20.17,1.016,25.34,1.026
2017-08-31 19:27:39,1717.19,-6.961,14.94,14.94,15.51,32610,17613,20.17,1.016,25.34,1.026
2017-08-31 19:27:44,1711.36,-6.904,14.94,14.94,15.57,32600,17609,20.17,1.016,25.33,1.026
2017-08-31 19:27:48,1712.49,-6.915,14.94,14.94,15.57,32620,17615,20.18,1.016,25.35,1.026
2017-08-31 19:27:53,1711.27,-6.903,14.94,14.94,15.57,32610,17612,20.17,1.016,25.34,1.026
2017-08-31 19:27:58,1714.80,-6.938,14.94,14.94,15.57,32620,17619,20.18,1.016,25.35,1.026
2017-08-31 19:28:02,1717.15,-6.961,14.94,14.94,15.57,32610,17612,20.17,1.016,25.34,1.026
2017-08-31 19:28:07,1713.58,-6.926,14.94,14.94,15.57,32620,17617,20.18,1.016,25.35,1.026
2017-08-31 19:28:12,1714.71,-6.937,14.94,14.94,15.57,32620,17616,20.18,1.016,25.35,1.026
2017-08-31 19:28:17,1712.31,-6.913,14.94,14.94,15.57,32630,17622,20.19,1.016,25.35,1.026
2017-08-31 19:28:22,1715.84,-6.948,14.94,14.94,15.57,32630,17623,20.19,1.016,25.35,1.026
2017-08-31 19:28:27,1716.97,-6.959,14.94,14.94,15.51,32640,17627,20.19,1.016,25.36,1.026
2017-08-31 19:28:31,1713.40,-6.924,14.94,15.00,15.51,32580,17595,20.15,1.016,25.27,1.026
2017-08-31 19:28:36,1714.58,-6.936,14.94,15.00,15.57,32580,17596,20.16,1.016,25.27,1.026
2017-08-31 19:28:40,1712.18,-6.912,14.94,15.00,15.57,32580,17597,20.16,1.016,25.27,1.026
2017-08-31 19:28:45,1712.14,-6.912,14.94,15.00,15.57,32590,17600,20.16,1.016,25.28,1.026
2017-08-31 19:28:50,1715.58,-6.946,14.94,15.00,15.57,32590,17601,20.16,1.016,25.28,1.026
2017-08-31 19:28:54,1716.71,-6.957,14.94,15.00,15.57,32590,17600,20.16,1.016,25.28,1.026
2017-08-31 19:28:59,1713.14,-6.922,14.94,15.00,15.57,32600,17606,20.17,1.016,25.29,1.026
2017-08-31 19:29:04,1715.44,-6.944,14.94,15.00,15.57,32600,17605,20.17,1.016,25.29,1.026
2017-08-31 19:29:08,1714.22,-6.932,14.94,15.00,15.57,32610,17611,20.17,1.016,25.30,1.026
2017-08-31 19:29:14,1712.96,-6.920,14.94,15.00,15.57,32610,17610,20.17,1.016,25.30,1.026
2017-08-31 19:29:19,1711.70,-6.907,14.94,15.00,15.57,32580,17597,20.16,1.016,25.27,1.026
2017-08-31 19:29:23,1716.40,-6.954,14.94,15.00,15.57,32610,17611,20.17,1.016,25.30,1.026
2017-08-31 19:29:28,1712.79,-6.918,14.94,15.00,15.57,32620,17615,20.18,1.016,25.31,1.026
2017-08-31 19:29:32,1716.27,-6.952,14.94,15.00,15.57,32620,17617,20.18,1.016,25.31,1.026
2017-08-31 19:29:37,1717.40,-6.964,14.94,15.00,15.57,32630,17625,20.19,1.016,25.31,1.026
2017-08-31 19:29:42,1711.48,-6.905,14.94,15.06,15.63,32600,17606,20.17,1.016,25.25,1.026
2017-08-31 19:29:46,1714.96,-6.939,14.94,15.00,15.63,32640,17628,20.19,1.016,25.32,1.026
2017-08-31 19:29:51,1711.39,-6.904,14.94,15.00,15.63,32650,17636,20.21,1.016,25.33,1.026
2017-08-31 19:29:56,1716.05,-6.950,14.94,15.00,15.57,32640,17629,20.20,1.016,25.32,1.026
2017-08-31 19:30:00,1715.96,-6.950,14.94,15.06,15.57,32560,17588,20.15,1.016,25.21,1.026
2017-08-31 19:30:05,1717.13,-6.961,14.94,15.06,15.57,32600,17605,20.17,1.016,25.25,1.026
2017-08-31 19:30:10,1712.39,-6.914,14.94,15.06,15.57,32600,17605,20.17,1.016,25.25,1.026
2017-08-31 19:30:14,1710.00,-6.891,14.94,15.06,15.57,32610,17611,20.18,1.016,25.26,1.026
2017-08-31 19:30:19,1712.30,-6.914,14.94,15.06,15.57,32610,17611,20.18,1.016,25.26,1.026
2017-08-31 19:30:24,1716.96,-6.960,14.94,15.06,15.57,32610,17610,20.18,1.016,25.26,1.026
2017-08-31 19:30:28,1714.56,-6.936,14.94,15.06,15.57,32610,17613,20.18,1.016,25.26,1.026
2017-08-31 19:30:33,1714.52,-6.935,14.94,15.06,15.57,32630,17620,20.19,1.016,25.27,1.026
2017-08-31 19:30:38,1718.00,-6.970,14.94,15.06,15.63,32620,17616,20.18,1.016,25.27,1.026
2017-08-31 19:30:42,1713.26,-6.923,14.94,15.06,15.63,32630,17620,20.19,1.016,25.28,1.026
2017-08-31 19:30:47,1714.43,-6.935,14.94,15.06,15.63,32630,17624,20.19,1.016,25.27,1.026
2017-08-31 19:30:52,1715.56,-6.946,14.94,15.06,15.63,32640,17626,20.20,1.016,25.28,1.026
2017-08-31 19:30:56,1715.52,-6.945,14.94,15.06,15.63,32650,17631,20.20,1.016,25.29,1.026
2017-08-31 19:31:01,1714.30,-6.934,15.00,15.06,15.63,32560,17583,20.14,1.016,25.21,1.026
2017-08-31 19:31:06,1716.60,-6.956,15.00,15.06,15.63,32640,17630,20.20,1.016,25.28,1.026
2017-08-31 19:31:10,1714.21,-6.932,15.00,15.06,15.63,32650,17632,20.20,1.016,25.29,1.026
2017-08-31 19:31:15,1716.52,-6.955,15.00,15.06,15.63,32640,17630,20.20,1.016,25.28,1.026
2017-08-31 19:31:20,1714.12,-6.931,15.00,15.06,15.63,32650,17635,20.21,1.016,25.29,1.026
2017-08-31 19:31:24,1715.30,-6.943,15.00,15.06,15.63,32650,17632,20.20,1.016,25.29,1.026
2017-08-31 19:31:29,1714.08,-6.931,15.00,15.06,15.63,32650,17631,20.20,1.016,25.29,1.026
2017-08-31 19:31:34,1711.69,-6.907,15.00,15.06,15.63,32660,17638,20.21,1.016,25.30,1.026
2017-08-31 19:31:38,1709.29,-6.883,15.00,15.06,15.63,32670,17642,20.22,1.016,25.31,1.026
2017-08-31 19:31:43,1712.82,-6.918,15.00,15.06,15.63,32660,17637,20.21,1.016,25.30,1.026
2017-08-31 19:31:47,1712.77,-6.918,15.00,15.06,15.63,32670,17643,20.22,1.016,25.31,1.026
2017-08-31 19:31:52,1718.60,-6.976,15.00,15.06,15.63,32670,17643,20.22,1.016,25.31,1.026
2017-08-31 19:31:57,1715.08,-6.941,15.00,15.06,15.63,32680,17652,20.23,1.016,25.32,1.026
2017-08-31 19:32:02,1711.51,-6.905,15.00,15.06,15.57,32670,17645,20.22,1.016,25.31,1.026
2017-08-31 19:32:06,1711.47,-6.905,15.00,15.06,15.57,32670,17645,20.22,1.016,25.31,1.026
2017-08-31 19:32:11,1714.94,-6.939,15.00,15.06,15.57,32680,17647,20.22,1.016,25.32,1.026
2017-08-31 19:32:16,1713.77,-6.928,14.94,15.06,15.57,32680,17651,20.23,1.016,25.32,1.026
2017-08-31 19:32:20,1710.25,-6.893,14.94,15.06,15.57,32690,17654,20.23,1.016,25.33,1.026
2017-08-31 19:32:25,1710.20,-6.892,14.94,15.06,15.57,32680,17651,20.23,1.016,25.32,1.026
2017-08-31 19:32:29,1710.20,-6.892,15.00,15.06,15.57,32690,17654,20.23,1.016,25.33,1.026
2017-08-31 19:32:34,1712.46,-6.915,14.94,15.06,15.57,32690,17657,20.23,1.016,25.33,1.026
2017-08-31 19:32:39,1711.29,-6.903,14.94,15.06,15.57,32680,17651,20.23,1.016,25.32,1.026
2017-08-31 19:32:43,1714.77,-6.938,14.94,15.06,15.57,32690,17655,20.23,1.016,25.33,1.026
2017-08-31 19:32:48,1715.94,-6.949,15.00,15.06,15.57,32700,17659,20.24,1.016,25.33,1.026
2017-08-31 19:32:53,1712.38,-6.914,14.94,15.06,15.57,32700,17662,20.24,1.016,25.34,1.026
2017-08-31 19:32:57,1713.55,-6.925,14.94,15.06,15.57,32700,17660,20.24,1.016,25.34,1.026
2017-08-31 19:33:02,1711.16,-6.902,14.94,15.12,15.57,32650,17632,20.21,1.016,25.25,1.026
2017-08-31 19:33:07,1711.16,-6.902,14.94,15.12,15.51,32660,17638,20.21,1.016,25.26,1.026
2017-08-31 19:33:12,1713.46,-6.925,14.94,15.12,15.51,32660,17640,20.22,1.016,25.26,1.026
2017-08-31 19:33:17,1713.42,-6.925,14.94,15.12,15.51,32650,17632,20.21,1.016,25.25,1.026
2017-08-31 19:33:21,1712.20,-6.913,14.94,15.12,15.51,32670,17643,20.22,1.016,25.27,1.026
2017-08-31 19:33:26,1713.33,-6.924,14.94,15.12,15.51,32660,17641,20.22,1.016,25.26,1.026
2017-08-31 19:33:31,1712.16,-6.912,14.94,15.12,15.51,32650,17633,20.21,1.016,25.25,1.026
2017-08-31 19:33:35,1714.50,-6.935,14.94,15.12,15.51,32670,17645,20.22,1.016,25.27,1.026
2017-08-31 19:33:40,1714.42,-6.934,14.94,15.12,15.51,32680,17652,20.23,1.016,25.28,1.026
2017-08-31 19:33:45,1713.24,-6.923,14.94,15.12,15.51,32660,17641,20.22,1.016,25.26,1.026
2017-08-31 19:33:49,1713.24,-6.923,14.94,15.12,15.51,32690,17655,20.23,1.016,25.29,1.026
2017-08-31 19:33:54,1709.63,-6.887,14.94,15.06,15.51,32730,17676,20.26,1.016,25.36,1.026
2017-08-31 19:33:59,1714.33,-6.934,14.81,15.12,15.51,32690,17654,20.23,1.016,25.29,1.026
2017-08-31 19:34:03,1714.33,-6.934,14.75,15.12,15.51,32690,17653,20.23,1.016,25.29,1.026
2017-08-31 19:34:08,1711.94,-6.910,14.69,15.12,15.44,32690,17653,20.23,1.016,25.29,1.026
2017-08-31 19:34:14,1710.72,-6.898,14.69,15.12,15.44,32690,17657,20.24,1.016,25.29,1.026
2017-08-31 19:34:18,1715.37,-6.944,14.62,15.12,15.44,32600,17605,20.17,1.016,25.21,1.026
2017-08-31 19:34:23,1708.33,-6.874,14.56,15.12,15.44,32700,17659,20.24,1.016,25.30,1.026
2017-08-31 19:34:28,1715.28,-6.942,14.56,15.06,15.44,32740,17681,20.27,1.016,25.37,1.026
2017-08-31 19:34:33,1711.80,-6.908,14.50,15.06,15.44,32720,17670,20.25,1.016,25.35,1.026
2017-08-31 19:34:38,1711.72,-6.907,14.50,15.00,15.44,32760,17695,20.28,1.016,25.43,1.026
2017-08-31 19:34:42,1716.41,-6.953,14.44,14.94,15.44,32791,17711,20.30,1.016,25.49,1.026
2017-08-31 19:34:47,1709.33,-6.883,14.44,14.88,15.51,32720,17672,20.25,1.016,25.47,1.026
2017-08-31 19:34:52,1708.11,-6.870,14.44,14.75,15.51,32801,17715,20.30,1.016,25.62,1.026
2017-08-31 19:34:56,1716.28,-6.950,14.44,14.62,15.51,32871,17753,20.34,1.016,25.76,1.027
2017-08-31 19:35:01,1710.37,-6.891,14.44,14.56,15.51,32841,17738,20.32,1.016,25.78,1.027
2017-08-31 19:35:06,1710.37,-6.891,14.44,14.56,15.51,32911,17776,20.37,1.016,25.84,1.027
2017-08-31 19:35:10,1710.32,-6.890,14.44,14.50,15.51,32971,17804,20.40,1.016,25.93,1.027
2017-08-31 19:35:15,1713.80,-6.924,14.44,14.50,15.51,32971,17805,20.40,1.016,25.93,1.027
2017-08-31 19:35:20,1710.28,-6.889,14.44,14.50,15.51,32961,17802,20.39,1.016,25.92,1.027
2017-08-31 19:35:24,1709.02,-6.877,14.38,14.50,15.51,32961,17802,20.39,1.016,25.92,1.027
2017-08-31 19:35:29,1710.19,-6.888,14.38,14.50,15.51,32951,17798,20.39,1.016,25.92,1.027
2017-08-31 19:35:34,1707.80,-6.865,14.38,14.50,15.51,32971,17805,20.40,1.016,25.93,1.027
2017-08-31 19:35:39,1708.93,-6.876,14.38,14.50,15.57,32981,17811,20.40,1.016,25.94,1.027
2017-08-31 19:35:44,1715.97,-6.945,14.38,14.50,15.57,32991,17818,20.41,1.016,25.95,1.027
2017-08-31 19:35:48,1714.71,-6.933,14.38,14.50,15.57,32981,17812,20.41,1.016,25.94,1.027
2017-08-31 19:35:53,1712.32,-6.909,14.38,14.50,15.57,32981,17813,20.41,1.016,25.94,1.027
2017-08-31 19:35:58,1709.97,-6.886,14.38,14.50,15.57,33001,17820,20.42,1.016,25.96,1.027
2017-08-31 19:36:02,1708.76,-6.874,14.38,14.50,15.57,33001,17824,20.42,1.016,25.96,1.027
2017-08-31 19:36:07,1707.54,-6.862,14.38,14.50,15.63,33011,17826,20.42,1.016,25.97,1.027
2017-08-31 19:36:12,1714.57,-6.932,14.38,14.50,15.63,33011,17826,20.42,1.016,25.97,1.027
2017-08-31 19:36:16,1712.19,-6.908,14.38,14.56,15.63,32961,17803,20.40,1.016,25.88,1.027
2017-08-31 19:36:21,1714.49,-6.931,14.38,14.56,15.63,32961,17802,20.40,1.016,25.88,1.027
2017-08-31 19:36:26,1708.58,-6.873,14.38,14.56,15.63,32971,17804,20.40,1.016,25.89,1.027
2017-08-31 19:36:30,1713.27,-6.919,14.38,14.56,15.63,32901,17766,20.35,1.016,25.83,1.027
2017-08-31 19:36:35,1714.40,-6.930,14.38,14.56,15.63,32981,17810,20.41,1.016,25.90,1.027
2017-08-31 19:36:40,1712.01,-6.907,14.38,14.56,15.63,32981,17809,20.41,1.016,25.90,1.027
2017-08-31 19:36:44,1713.18,-6.918,14.38,14.56,15.63,32991,17816,20.41,1.016,25.91,1.027
2017-08-31 19:36:50,1710.79,-6.895,14.38,14.62,15.63,32941,17789,20.38,1.016,25.82,1.027
2017-08-31 19:36:55,1710.75,-6.895,14.38,14.62,15.63,32941,17791,20.39,1.016,25.82,1.027
2017-08-31 19:36:59,1713.05,-6.917,14.38,14.56,15.63,32991,17817,20.42,1.016,25.91,1.027
2017-08-31 19:37:04,1714.18,-6.928,14.38,14.56,15.63,33001,17821,20.42,1.016,25.92,1.027
2017-08-31 19:37:08,1710.66,-6.893,14.38,14.56,15.69,32991,17817,20.42,1.016,25.91,1.027
2017-08-31 19:37:13,1714.13,-6.928,14.44,14.56,15.69,33001,17822,20.42,1.016,25.92,1.027
2017-08-31 19:37:19,1712.92,-6.916,14.44,14.62,15.69,32931,17783,20.37,1.016,25.82,1.027
2017-08-31 19:37:23,1711.74,-6.904,14.44,14.62,15.69,32951,17796,20.39,1.016,25.83,1.027
2017-08-31 19:37:29,1712.87,-6.916,14.44,14.62,15.69,32951,17798,20.39,1.016,25.83,1.027
2017-08-31 19:37:34,1712.83,-6.915,14.44,14.62,15.69,32961,17803,20.40,1.016,25.84,1.027
2017-08-31 19:37:38,1711.61,-6.904,14.44,14.69,15.69,32911,17774,20.37,1.016,25.76,1.026
2017-08-31 19:37:43,1710.44,-6.892,14.44,14.69,15.69,32911,17774,20.37,1.016,25.76,1.026
2017-08-31 19:37:48,1710.39,-6.892,14.44,14.75,15.69,32851,17744,20.33,1.016,25.67,1.026
2017-08-31 19:37:52,1711.52,-6.903,14.44,14.75,15.69,32871,17752,20.34,1.016,25.68,1.026
2017-08-31 19:37:57,1711.52,-6.903,14.44,14.75,15.69,32861,17746,20.33,1.016,25.67,1.026
2017-08-31 19:38:02,1711.48,-6.903,14.44,14.75,15.69,32871,17754,20.34,1.016,25.68,1.026
2017-08-31 19:38:06,1711.43,-6.902,14.44,14.75,15.69,32871,17755,20.34,1.016,25.68,1.026
2017-08-31 19:38:11,1710.26,-6.891,14.44,14.75,15.76,32881,17757,20.35,1.016,25.69,1.026
2017-08-31 19:38:15,1709.05,-6.879,14.44,14.75,15.69,32881,17758,20.35,1.016,25.69,1.026
2017-08-31 19:38:20,1713.69,-6.925,14.44,14.81,15.69,32831,17730,20.32,1.016,25.61,1.026
2017-08-31 19:38:25,1707.83,-6.867,14.44,14.81,15.69,32831,17731,20.32,1.016,25.61,1.026
2017-08-31 19:38:29,1710.13,-6.890,14.44,14.81,15.69,32831,17731,20.32,1.016,25.61,1.026
2017-08-31 19:38:34,1707.74,-6.867,14.44,14.88,15.69,32791,17707,20.29,1.016,25.53,1.026
2017-08-31 19:38:39,1708.87,-6.878,14.44,14.88,15.69,32801,17713,20.30,1.016,25.54,1.026
2017-08-31 19:38:43,1713.51,-6.924,14.44,14.88,15.76,32801,17716,20.30,1.016,25.54,1.026
2017-08-31 19:38:48,1707.65,-6.866,14.44,14.88,15.76,32791,17711,20.30,1.016,25.53,1.026
2017-08-31 19:38:53,1711.12,-6.900,14.44,14.88,15.76,32801,17717,20.30,1.016,25.54,1.026
2017-08-31 19:38:57,1708.78,-6.877,14.44,14.88,15.76,32811,17717,20.30,1.016,25.55,1.026
2017-08-31 19:39:02,1711.08,-6.900,14.44,14.88,15.69,32811,17719,20.31,1.016,25.55,1.026
2017-08-31 19:39:07,1707.52,-6.865,14.44,14.94,15.69,32771,17699,20.28,1.016,25.48,1.026
2017-08-31 19:39:11,1708.65,-6.876,14.50,14.94,15.76,32771,17698,20.28,1.016,25.48,1.026
2017-08-31 19:39:16,1710.99,-6.899,14.44,14.94,15.76,32760,17695,20.28,1.016,25.47,1.026
2017-08-31 19:39:21,1713.24,-6.921,14.44,14.94,15.76,32781,17705,20.29,1.016,25.48,1.026
2017-08-31 19:39:25,1714.41,-6.934,14.44,15.00,15.69,32740,17680,20.26,1.016,25.41,1.026
2017-08-31 19:39:30,1710.85,-6.898,14.50,15.00,15.76,32720,17671,20.25,1.016,25.39,1.026
2017-08-31 19:39:35,1714.37,-6.933,14.50,15.00,15.76,32740,17684,20.27,1.016,25.41,1.026
2017-08-31 19:39:39,1708.47,-6.875,14.50,15.00,15.76,32760,17693,20.28,1.016,25.43,1.026
2017-08-31 19:39:44,1711.94,-6.909,14.50,15.00,15.76,32760,17694,20.28,1.016,25.43,1.026
2017-08-31 19:39:49,1708.38,-6.874,14.50,15.00,15.76,32771,17697,20.28,1.016,25.44,1.026
2017-08-31 19:39:53,1708.38,-6.874,14.50,15.00,15.76,32760,17695,20.28,1.016,25.43,1.026
2017-08-31 19:39:58,1708.33,-6.873,14.50,15.00,15.76,32771,17701,20.29,1.016,25.44,1.026
2017-08-31 19:40:02,1708.33,-6.873,14.50,15.00,15.76,32791,17708,20.30,1.016,25.45,1.026
2017-08-31 19:40:07,1707.12,-6.861,14.50,15.00,15.76,32821,17723,20.32,1.016,25.48,1.026
2017-08-31 19:40:12,1516.28,-4.969,14.88,15.06,15.94,32961,17803,20.42,1.016,25.61,1.025
2017-08-31 19:40:16,1360.47,-3.423,15.19,15.25,16.57,32961,17802,20.43,1.016,25.54,1.025
2017-08-31 19:40:21,1277.24,-2.596,15.44,15.50,16.82,32841,17736,20.35,1.016,25.30,1.024
2017-08-31 19:40:27,1135.52,-1.186,16.00,15.69,16.88,33081,17866,20.52,1.017,25.42,1.023
2017-08-31 19:40:31,1013.79,0.027,16.50,16.31,16.94,7243,3912,3.97,1.004,4.81,1.007
2017-08-31 19:40:36,1017.29,-0.009,16.62,16.56,16.94,14520,7843,8.39,1.007,10.12,1.011
2017-08-31 19:40:40,1014.95,0.015,16.62,16.62,16.94,14140,7638,8.15,1.007,9.81,1.011
2017-08-31 19:40:45,1014.96,0.015,16.62,16.62,17.00,14570,7872,8.42,1.007,10.14,1.011
2017-08-31 19:40:50,1015.00,0.014,16.56,16.62,17.00,14520,7841,8.38,1.007,10.10,1.011
2017-08-31 19:40:54,1015.00,0.014,16.56,16.62,17.00,14500,7831,8.37,1.007,10.09,1.011
2017-08-31 19:40:59,1018.53,-0.021,16.50,16.62,17.00,14490,7827,8.37,1.007,10.08,1.011
2017-08-31 19:41:04,1015.06,0.014,16.50,16.62,17.00,14490,7826,8.37,1.007,10.08,1.011
2017-08-31 19:41:08,1017.40,-0.010,16.50,16.62,17.00,14480,7820,8.36,1.007,10.07,1.011
2017-08-31 19:41:13,1017.40,-0.010,16.44,16.62,17.00,14470,7818,8.36,1.007,10.06,1.011
2017-08-31 19:41:19,1015.08,0.014,16.44,16.62,17.00,14450,7805,8.34,1.007,10.05,1.011
2017-08-31 19:41:23,1012.73,0.037,16.44,16.62,17.00,14450,7803,8.34,1.007,10.05,1.011
2017-08-31 19:41:29,1015.09,0.013,16.44,16.62,17.00,14440,7800,8.34,1.007,10.04,1.011
2017-08-31 19:41:33,1015.09,0.013,16.44,16.62,17.00,14440,7801,8.34,1.007,10.04,1.011
2017-08-31 19:41:38,1016.26,0.002,16.44,16.62,17.00,14450,7803,8.34,1.007,10.05,1.011
